// Arboles
//orden 5:
5
1: 2
2: 1, 3
3: 2, 4
4: 3, 5
5: 4

//orden 10:
10
1: 2
2: 1, 3
3: 2, 4
4: 3, 5
5: 4, 6
6: 5, 7
7: 6, 8
8: 7, 9
9: 8, 10
10: 9

//orden 15:
15
1: 2
2: 1, 3
3: 2, 4
4: 3, 5
5: 4, 6
6: 5, 7
7: 6, 8
8: 7, 9
9: 8, 10
10: 9, 11
11: 10, 12
12: 11, 13
13: 12, 14
14: 13, 15
15: 14

//orden 20:
20
1: 2
2: 1, 3
3: 2, 4
4: 3, 5
5: 4, 6
6: 5, 7
7: 6, 8
8: 7, 9
9: 8, 10
10: 9, 11
11: 10, 12
12: 11, 13
13: 12, 14
14: 13, 15
15: 14, 16
16: 15, 17
17: 16, 18
18: 17, 19
19: 18, 20
20: 19

//Grafos completos

//k_5:
5
1: 2, 3, 4, 5
2: 1, 3, 4, 5
3: 1, 2, 4, 5
4: 1, 2, 3, 5
5: 1, 2, 3, 4

//k_10:
10
1: 2, 3, 4, 5, 6, 7, 8, 9, 10
2: 1, 3, 4, 5, 6, 7, 8, 9, 10
3: 1, 2, 4, 5, 6, 7, 8, 9, 10
4: 1, 2, 3, 5, 6, 7, 8, 9, 10
5: 1, 2, 3, 4, 6, 7, 8, 9, 10
6: 1, 2, 3, 4, 5, 7, 8, 9, 10
7: 1, 2, 3, 4, 5, 6, 8, 9, 10
8: 1, 2, 3, 4, 5, 6, 7, 9, 10
9: 1, 2, 3, 4, 5, 6, 7, 8, 10
10: 1, 2, 3, 4, 5, 6, 7, 8, 9

//k_15:
15
1: 2, 3, 4, 5, 6, 7, 8, 9, 10, 11, 12, 13, 14, 15
2: 1, 3, 4, 5, 6, 7, 8, 9, 10, 11, 12, 13, 14, 15
3: 1, 2, 4, 5, 6, 7, 8, 9, 10, 11, 12, 13, 14, 15
4: 1, 2, 3, 5, 6, 7, 8, 9, 10, 11, 12, 13, 14, 15
5: 1, 2, 3, 4, 6, 7, 8, 9, 10, 11, 12, 13, 14, 15
6: 1, 2, 3, 4, 5, 7, 8, 9, 10, 11, 12, 13, 14, 15
7: 1, 2, 3, 4, 5, 6, 8, 9, 10, 11, 12, 13, 14, 15
8: 1, 2, 3, 4, 5, 6, 7, 9, 10, 11, 12, 13, 14, 15
9: 1, 2, 3, 4, 5, 6, 7, 8, 10, 11, 12, 13, 14, 15
10: 1, 2, 3, 4, 5, 6, 7, 8, 9, 11, 12, 13, 14, 15
11: 1, 2, 3, 4, 5, 6, 7, 8, 9, 10, 12, 13, 14, 15
12: 1, 2, 3, 4, 5, 6, 7, 8, 9, 10, 11, 13, 14, 15
13: 1, 2, 3, 4, 5, 6, 7, 8, 9, 10, 11, 12, 14, 15
14: 1, 2, 3, 4, 5, 6, 7, 8, 9, 10, 11, 12, 13, 15
15: 1, 2, 3, 4, 5, 6, 7, 8, 9, 10, 11, 12, 13, 14

//k_20:
20
1: 2, 3, 4, 5, 6, 7, 8, 9, 10, 11, 12, 13, 14, 15, 16, 17, 18, 19, 20
2: 1, 3, 4, 5, 6, 7, 8, 9, 10, 11, 12, 13, 14, 15, 16, 17, 18, 19, 20
3: 1, 2, 4, 5, 6, 7, 8, 9, 10, 11, 12, 13, 14, 15, 16, 17, 18, 19, 20
4: 1, 2, 3, 5, 6, 7, 8, 9, 10, 11, 12, 13, 14, 15, 16, 17, 18, 19, 20
5: 1, 2, 3, 4, 6, 7, 8, 9, 10, 11, 12, 13, 14, 15, 16, 17, 18, 19, 20
6: 1, 2, 3, 4, 5, 7, 8, 9, 10, 11, 12, 13, 14, 15, 16, 17, 18, 19, 20
7: 1, 2, 3, 4, 5, 6, 8, 9, 10, 11, 12, 13, 14, 15, 16, 17, 18, 19, 20
8: 1, 2, 3, 4, 5, 6, 7, 9, 10, 11, 12, 13, 14, 15, 16, 17, 18, 19, 20
9: 1, 2, 3, 4, 5, 6, 7, 8, 10, 11, 12, 13, 14, 15, 16, 17, 18, 19, 20
10: 1, 2, 3, 4, 5, 6, 7, 8, 9, 11, 12, 13, 14, 15, 16, 17, 18, 19, 20
11: 1, 2, 3, 4, 5, 6, 7, 8, 9, 10, 12, 13, 14, 15, 16, 17, 18, 19, 20
12: 1, 2, 3, 4, 5, 6, 7, 8, 9, 10, 11, 13, 14, 15, 16, 17, 18, 19, 20
13: 1, 2, 3, 4, 5, 6, 7, 8, 9, 10, 11, 12, 14, 15, 16, 17, 18, 19, 20
14: 1, 2, 3, 4, 5, 6, 7, 8, 9, 10, 11, 12, 13, 15, 16, 17, 18, 19, 20
15: 1, 2, 3, 4, 5, 6, 7, 8, 9, 10, 11, 12, 13, 14, 16, 17, 18, 19, 20
16: 1, 2, 3, 4, 5, 6, 7, 8, 9, 10, 11, 12, 13, 14, 15, 17, 18, 19, 20
17: 1, 2, 3, 4, 5, 6, 7, 8, 9, 10, 11, 12, 13, 14, 15, 16, 18, 19, 20
18: 1, 2, 3, 4, 5, 6, 7, 8, 9, 10, 11, 12, 13, 14, 15, 16, 17, 19, 20
19: 1, 2, 3, 4, 5, 6, 7, 8, 9, 10, 11, 12, 13, 14, 15, 16, 17, 18, 20
20: 1, 2, 3, 4, 5, 6, 7, 8, 9, 10, 11, 12, 13, 14, 15, 16, 17, 18, 19

//grafos complementarios:
//orden 5:
5
1: 3, 4
2: 4, 5
3: 1, 5
4: 1, 2
5: 2, 3

//orden 10:
10
1: 3, 4, 7
2: 5, 8, 9
3: 1, 6, 10
4: 1, 7, 9
5: 2, 8, 10
6: 3, 8, 10
7: 1, 4, 9
8: 2, 5, 6
9: 2, 4, 7
10: 3, 5, 6

//orden 15:
15
1: 2, 5, 6, 9
2: 1, 3, 7, 10
3: 2, 4, 8, 11
4: 3, 5, 12, 13
5: 1, 4, 6, 14
6: 1, 5, 7, 15
7: 2, 6, 8, 9
8: 3, 7, 10, 11
9: 1, 7, 10, 12
10: 2, 8, 9, 13
11: 3, 8, 12, 14
12: 4, 9, 11, 15
13: 4, 10, 14, 15
14: 5, 11, 13, 15
15: 6, 12, 13, 14

//orden 20:
20
1: 2, 5, 9, 12, 16
2: 1, 3, 7, 11, 15, 18,12,17
3: 2, 4, 8, 14, 19
4: 3, 5, 10, 13
5: 1, 4, 6, 15, 20
6: 5, 7, 9, 14,8
7: 2, 6, 8, 12, 17
8: 3, 6, 7, 19
9: 1, 6, 10, 18
10: 4, 9, 13, 20,19
11: 2, 12, 14
12: 1, 2, 7, 11, 15,14
13: 4, 10, 19
14: 3, 6, 12, 17,11
15: 2, 5, 12
16: 1, 17, 20
17: 2, 7, 14, 16
18: 2, 9, 19
19: 3, 8, 10, 18,13
20: 5, 10, 16
