38
1: 2,3,4,5,6,7,8,9,10,11
2: 1,3,4,5,6,12,13,14,15,16
3: 1,2,4,5,6,17,18,19,20,21
4: 1,2,3,5,6,22,23,24,25,26
5: 1,2,3,4,6,27,28,29,30,31
6: 1,2,3,4,5,32,33,34,35,36
7: 1,8,9,10,11,12,13,14,15,16
8: 1,7,9,10,11,17,18,19,20,21
9: 1,7,8,10,11,22,23,24,25,26
10: 1,7,8,9,11,27,28,29,30,31
11: 1,7,8,9,10,32,33,34,35,36
12: 2,7,8,9,10,13,14,15,16,17
13: 2,12,14,15,16,18,19,20,21,22
14: 2,12,13,15,16,23,24,25,26,27
15: 2,12,13,14,16,28,29,30,31,32
16: 2,12,13,14,15,33,34,35,36,37
17: 3,8,9,10,11,12,13,14,15,16
18: 3,8,9,10,11,19,20,21,22,23
19: 3,8,9,10,11,24,25,26,27,28
20: 3,8,9,10,11,29,30,31,32,33
21: 3,8,9,10,11,34,35,36,37,38
22: 4,9,10,11,12,13,14,15,16,17
23: 4,9,10,11,12,13,14,15,16,18
24: 4,9,10,11,12,13,14,15,16,19
25: 4,9,10,11,12,13,14,15,16,20
26: 4,9,10,11,12,13,14,15,16,21
27: 5,10,11,12,13,14,15,16,17,18
28: 5,10,11,12,13,14,15,16,19,20
29: 5,10,11,12,13,14,15,16,21,22
30: 5,10,11,12,13,14,15,16,23,24
31: 5,10,11,12,13,14,15,16,25,26
32: 6,10,11,12,13,14,15,16,27,28
33: 6,10,11,12,13,14,15,16,29,30
34: 6,10,11,12,13,14,15,16,31,32
35: 6,10,11,12,13,14,15,16,33,34
36: 6,10,11,12,13,14,15,16,35,36
37: 7,11,12,13,14,15,16,17,18,19
38: 7,11,12,13,14,15,16,20,21,22
